9 0.117344 0.274288 0.065526 0.079118
11 0.417127 0.205113 0.063784 0.116713
1 0.851757 0.476688 0.072550 0.076613
2 0.535050 0.580016 0.072086 0.086507
0 0.327941 0.571884 0.059515 0.061307
1 0.458091 0.624771 0.073444 0.079855
8 0.493098 0.210024 0.052591 0.084925
4 0.642152 0.533268 0.091376 0.098315
6 0.461992 0.360917 0.048927 0.057458
0 0.421865 0.548201 0.058674 0.059728
0 0.521026 0.527994 0.055166 0.058548
3 0.354274 0.649036 0.075972 0.080175
3 0.945363 0.464311 0.087476 0.069659
6 0.382025 0.377565 0.052416 0.058845
6 0.629614 0.235051 0.043836 0.051749
7 0.204033 0.258409 0.053827 0.079459
0 0.866199 0.416904 0.058977 0.055414
6 0.273333 0.349692 0.049153 0.061109
8 0.258022 0.244088 0.052559 0.089932
6 0.489568 0.300120 0.048358 0.056298
7 0.543039 0.203901 0.050405 0.068876
6 0.599144 0.326066 0.047871 0.052928
10 0.330937 0.307143 0.063759 0.112671
6 0.144529 0.325496 0.056850 0.060630
1 0.818177 0.489881 0.120619 0.069580
0 0.684980 0.353748 0.049535 0.055274
4 0.542815 0.427132 0.079843 0.110483
6 0.573804 0.238168 0.044941 0.062766
5 0.641927 0.533156 0.092759 0.099717
0 0.512821 0.407891 0.052426 0.063402
0 0.416706 0.423331 0.051331 0.056172
9 0.587380 0.197056 0.046998 0.069289
5 0.539609 0.426757 0.084634 0.109430
