3 0.596412 0.177147 0.050749 0.062394
1 0.351628 0.309582 0.054010 0.073833
9 0.934920 0.437182 0.082707 0.071849
5 0.336665 0.205724 0.060206 0.117128
6 0.792281 0.410818 0.058506 0.053049
7 0.849626 0.452750 0.081310 0.071878
0 0.158805 0.317229 0.053630 0.059449
8 0.532829 0.542875 0.063361 0.081077
11 0.614263 0.504555 0.086748 0.104759
9 0.350361 0.597669 0.071676 0.076186
0 0.251396 0.295941 0.045803 0.056957
7 0.444662 0.576851 0.073519 0.077215
6 0.864947 0.392696 0.061376 0.056878
3 0.118873 0.268957 0.068447 0.070872
6 0.482163 0.393262 0.050359 0.057279
0 0.376819 0.265312 0.042516 0.057082
0 0.383138 0.358428 0.048826 0.059028
10 0.703695 0.475833 0.081643 0.102297
1 0.550548 0.271490 0.044486 0.066754
0 0.477115 0.292245 0.041503 0.054233
6 0.405140 0.526416 0.061663 0.059797
6 0.311014 0.556711 0.060251 0.059521
4 0.672524 0.274156 0.069484 0.104933
8 0.780953 0.465025 0.072879 0.076846
2 0.279732 0.234841 0.047759 0.083558
0 0.500720 0.238254 0.041912 0.052319
0 0.632419 0.215604 0.040024 0.052311
2 0.488083 0.197106 0.045944 0.079037
6 0.436912 0.441104 0.050080 0.061046
6 0.665738 0.452393 0.048415 0.056487
0 0.566996 0.233179 0.037719 0.052935
6 0.713851 0.419565 0.058244 0.059106
11 0.706921 0.478230 0.086403 0.105441
