1 0.854299 0.484290 0.080930 0.069188
7 0.220395 0.242496 0.053220 0.077065
6 0.591583 0.234163 0.047043 0.052242
6 0.247994 0.293779 0.047338 0.054690
6 0.464078 0.257161 0.047096 0.056134
4 0.644852 0.558231 0.092056 0.089819
2 0.550663 0.584937 0.071228 0.074641
0 0.577842 0.501231 0.054212 0.051905
3 0.367921 0.644291 0.076428 0.070187
0 0.720494 0.460899 0.054439 0.047603
6 0.397432 0.269366 0.048566 0.058790
1 0.461903 0.605734 0.071784 0.078357
6 0.524006 0.238998 0.043199 0.050971
0 0.640962 0.481217 0.052987 0.050673
0 0.857658 0.421342 0.061375 0.051170
6 0.656396 0.227647 0.047106 0.052277
10 0.369806 0.207065 0.056274 0.103322
11 0.441801 0.191115 0.063490 0.113449
9 0.129942 0.253274 0.063596 0.075400
0 0.784792 0.445044 0.057467 0.050745
9 0.625896 0.183604 0.053312 0.066351
6 0.326318 0.292615 0.051188 0.057202
8 0.296379 0.222927 0.052170 0.084106
0 0.432497 0.543976 0.055895 0.052677
0 0.502940 0.519794 0.052238 0.052569
7 0.563487 0.188555 0.053003 0.072208
0 0.340188 0.579858 0.056146 0.055610
2 0.784395 0.505438 0.062327 0.074346
6 0.158856 0.308867 0.054373 0.059214
3 0.933256 0.470491 0.082114 0.066389
8 0.502504 0.195536 0.046013 0.080746
1 0.930666 0.470942 0.079764 0.063603
5 0.730620 0.512112 0.086563 0.126938
