11 0.765467 0.343772 0.068506 0.098509
1 0.411970 0.713006 0.069889 0.055377
3 0.129832 0.437902 0.072134 0.062630
3 0.470088 0.791293 0.064802 0.058482
9 0.945453 0.461521 0.072408 0.062259
2 0.360553 0.659475 0.064227 0.063502
7 0.607450 0.267238 0.053896 0.064889
10 0.709238 0.309139 0.060393 0.093691
6 0.595365 0.328558 0.042150 0.049348
1 0.163987 0.485397 0.047495 0.047164
0 0.215986 0.413119 0.053605 0.047614
7 0.888414 0.436718 0.074881 0.060776
6 0.643707 0.355726 0.043080 0.049715
9 0.560169 0.239017 0.041227 0.059691
0 0.438848 0.618258 0.046803 0.040652
0 0.556169 0.734473 0.055249 0.046067
1 0.257388 0.453936 0.051524 0.050660
6 0.692675 0.396645 0.045778 0.048013
0 0.343368 0.527341 0.048422 0.047114
8 0.547699 0.295841 0.039287 0.047683
7 0.646707 0.284149 0.043224 0.070711
5 0.302314 0.622993 0.093071 0.089481
8 0.646717 0.284120 0.041738 0.071481
0 0.292376 0.500706 0.052210 0.046363
0 0.467416 0.674733 0.049080 0.044226
2 0.209172 0.512282 0.062972 0.060969
6 0.547280 0.296358 0.039861 0.048514
4 0.303010 0.625762 0.088099 0.090987
2 0.239734 0.549642 0.077505 0.077804
7 0.825883 0.399048 0.056952 0.070796
1 0.205361 0.506079 0.067570 0.074695
0 0.378553 0.558140 0.059432 0.056202
6 0.881137 0.512597 0.059432 0.052326
6 0.825581 0.474322 0.051680 0.047481
6 0.753876 0.427326 0.037468 0.052326
6 0.497416 0.271802 0.043928 0.051357
